Student	ID	Homework Assignment #1 (2786783)	Lab #1 (2829219)	Homework Assignment #2 (2786789)	Lab #2 (2786809)	Homework Assignment #3 (2786785)	Lab #3 (2786810)	Homework Assignment #4 (2786784)	Lab #4 (2786811)	Homework Assignment #5 - Quick Answer Portion (2786786)	Homework Assignment #5 - Problem Portion (2786793)	Lab #5 (2856765)	Midterm 1 (2786796)	Homework Assignment #6 (2786791)	Lab #6 (2786812)	Homework Assignment #7 (2786790)	Lab #7 (2786813)	Homework Assignment #8 (2786787)	Midterm 2 (2786797)	Lab #8 (2870743)	Lab #9 - Beam Lab (2786814)	Lab #10 (2786815)	Final Exam (2786798)	Bonus Assignment #9 (2786795)
Points Possible		60	10	60	10	70	10	80	10	21	50	10	100	70	10	60	10	60	100	10	10	10	100	20
F4241	1000001	60	10	60	10	67.5	10	80	10	21	50	10	69	70	10	60	10	80	62	10	10	10	33.5	55
F4242	1000002	60	10	60	10	70	10	80	13	21	50	10	58.5	70	10	60	10	80	62	10	10	10	62.5	50
F4243	1000003	60	10	60	10	70	10	77.5	12	21	50	10	89	61	10	60	10	80	99.5	10	10	10	89	25
F4244	1000004	57	10	47	10	64	10	80	10	21	37.5	10	65.5	57	10	60	10	70	68.5	10	10	12	65	55
F4245	1000005	60	10	60	10	70	10	80	13	21	50	10	63.5	70	10	60	10	80	65	10	10	10	47	22
F4246	1000006	54	10	46	10	65	10	77.5	13	21	50	9.5	53.5	70	10	60	10	80	74	10	10	10	66	23.5
F4247	1000007	60	10	60	10	70	11.5	80	13	21	50	11.5	75	70	10	60	10	80	83	10	10	10	66	55
F4248	1000008	60	10	60	10	0	10	49	10		0	10	61	0	10	49	10	0	49	10	10	10		
F4249	1000009	60	10	60	10	70	10	80	13	21	40	12	78	66	10	55	10	60	88.5	10	12	10	94.5	15
F424A	1000010	60	10	60	10	70	10	80	13	21	50	9.5	87	70	10	60	10	80	94.25	10	10	10	87	31
F424B	1000011	60	10	60	10	70	10	80	13	21	50	10	41	70	10	60	10	80	74	10	9.5	10	58	32
F424C	1000012	60	10	60	10	70	12	80	12	21	50	11	53	70	9	60	8	80	95	10	10	10	76	55
F424D	1000013	60	10	60	10	70	10	80	13	21	50	10	60	70	10	60	8.5	80	98	10	10	10	56	55
F424E	1000014	60	10	60	11	70	9	80	8	21	50	10	71	70	10	60	10	80	85.75	10	10	10	83.5	49
F424F	1000015	60	10	60	10	70	10	80	13	21	50	9.5	58.5	70	10	60	10	80	49.25	10	12	10	58.5	55
F4250	1000016	60	10	60	10	70	10	80	13	21	50	10	86	70	10	60	10	80	93	10	10	10	83	55
F4251	1000017	60	10	52.5	10	70	0	80	10	21	50	10	65	70	10	60	10	80	81.25	10	10	10	75	55
F4252	1000018	60	10	60	10	70	10	80	13	21	50	10	72.5	70	10	60	10	80	84.25	10	10	10	55	55
F4253	1000019	60	0	60	10	70	10	80	13	21	50	10	51	70	10	60	10	80	74.5	10	10	10	68.5	53
F4254	1000020	60	10	53	10	70	11	80	10	21	50	10	58	70	8	50	8	70	56	10	10	8	47	21.5
F4255	1000021	60	10	60	10	70	10	80	13	21	50	10	76	70	10	60	10	80	78.5	10	10	10	68.5	55
F4256	1000022	60	10	60	10	70	10	80	13	21	50	10	80	70	10	60	10	80	89.5	10	10	10	87	55
F4257	1000023	60	9.5	60	10	70	10	80	8.5	21	50	9.5	57	70	10	60	8	80	31	10	10	10	31	12.5
F4258	1000024	60	10	60	10	70	10	80	13	21	50	12	73	70	10	60	10	80	79	10	12	10	61.5	55
F4259	1000025	60	10	60	10	70	10	80	13	21	47.5	10	55	70	10	60	10	80	77	10	10	12	93	38
F425A	1000026	60	10	60	10	70	12	80	13	21	50	10	58	70	10	60	9.5	80	65	10	9.5	10	55	9.5
F425B	1000027	60	10	60	10	70	10	80	10	21	45	10	70.5	70	10	60	10	80	61	10	10	10	65.5	16.5
F425C	1000028	60	10	60	10	70	10	80	10	21	50	10	81	70	10	60	10	80	94.5	10	10	10	77.5	55
F425D	1000029	60	10	60	0	70	10	80	10	21	50	10	82	70	10	60	0	80	98	10	10	10	78	44
F425E	1000030	60	10	60	10	70	10	80	13	21	50	10	55	70	10	60	10	80	75	10	11	10	86	28
F425F	1000031	58	10	51	10	62	11	34	12	21	35	11.5	64	60	8	0	10	50	76.5	10	10	10	65.5	5
F4260	1000032	53	10	53.5	10	70	10	80	10	21	50	10	43	62	10	60	10	80	63.75	10	10	10	71.5	16
F4261	1000033	60	10	60	12	70	10	80	13	21	50	10	78.5	70	10	60	10	80	82	10	9.5	10	75.5	39
F4262	1000034	60	10	60	10	70	10	80	13	21	50	10	63	70	10	60	9.5	80	67	10	9.5	10	73	55
F4263	1000035	60	10	60	10	70	10	80	11	21	50	10	76	70	10	60	10	80	46	10	10	10	69	55
F4264	1000036	60	10	60	10	70	11.5	80	13	21	50	10.5	70	70	9	60	10	70	69	8	10	10	70.5	37
F4265	1000037	60	10	60	10	70	10	80	10	21	50	10	75	70	10	57.5	9	75	88.25	10	10	10	78	0
F4266	1000038	60	10	60	10	70	10	80	10	21	50	10	51.5	70	10	60	10	80	66	10	10	10	58.5	55
F4267	1000039	60	10	60	10	70	10	80	13	21	50	9.5	68	70	10	60	10	80	73	10	10	10	67.5	50
F4268	1000040	60	10	60	10	70	10	80	13	21	50	10	53	70	10	60	10	80	66	10	9.5	10	71	29
F4269	1000041	60	10	60	10	70	10	80	13	21	50	9.5	73	70	10	60	10	80	87.25	10	12	10	70	55
F426A	1000042	38.5	0	60	10	64.5	8	61	8	21	50	10	76	66	10	49	10	77.5	67.5	10	10	10	83.5	55
F426B	1000043	60	10	60	10	70	10	80	10	21	50	9	52.5	70	10	60	8	70	84	8	10	10	60.5	37
F426C	1000044	60	10	60	10	70	10	80	13	21	50	10	58	70	10	60	10	80	94	10	10	10	68.5	7.5
F426D	1000045	60	10	60	10	70	12	80	12	21	50	11	72	70	9	60	8	80	84	10	10	10	61.5	55
F426E	1000046	60	10	60	10	65	10	80	13	21	50	10	63.5	70	10	60	10	70	54.5	10	10	10	53	0
F426F	1000047	60	10	60	10	70	10	80	10	21	50	9	80	70	10	60	8	80	46.5	8	10	10	61	48
F4270	1000048	60	10	60	13	70	11	80	13	21	50	10	70	70	10	60	10	80	87	10	10	10	67.5	26
F4271	1000049	60	10	60	11	70	12	80	13	21	50	10	66.5	70	10	60	10	80	84	10	10	10	77	55
F4272	1000050	60	10	60	10	70	10	80	13	21	50	9.5	79.5	70	10	60	10	80	99.25	10	10	10	78.5	55
F4273	1000051	60	10	57	10	70	10	80	10	21	50	10	76	70	10	57.5	10	75	78	10	10	10	73.5	15
F4274	1000052	60	10	60	10	70	10	80	13	21	50	10	66	70	10	60	10	70	99	10	10	10	69	20
F4275	1000053	60	10	60	10	70	12	80	12	21	50	11	73	70	9	60	8	80	99	10	10	10	87	55
F4276	1000054	58	10	60		70	10	74	13	21	41.5	9.5	53	66	10	57	10	55.5	50	10	12	10	52	5
F4277	1000055	60	10	60	10	70	11	80	10	21	50	10	63	70	8	60	8	60	46	10	10	8	73	0
F4278	1000056	60	10	60	10	70	10	80	10	21	50	10	59	70	10	60	10	80	72	10	10	10	57	55
F4279	1000057	60	10	60	10	70	11	80	12	21	50	11.5	68	70	8	60	10	80	97	10	10	10	63	52.5
F427A	1000058	55.5	10	57.5	11	64.5	9	68	8	21	47.5	10	74	44	0	57.5	10	70	67.5	10	10	10	75	12
F427B	1000059	60	10	60	10	70	10	80	13	21	50	10	67	70	10	57.5	10	80	84.75	10	10	10	65.5	39
F427C	1000060	58.5	9.5	58	10	70	10	80	8.5	21	50	9.5	67	70	10	57.5	8	80	84	10	10	10	68.5	
F427D	1000061	60	11	60	10	70	10	80	13	21	50	10	63	70	10	60	10	80	86.5	10	10	10	85	44
F427E	1000062	60	10	60	10	70	10	80	10	21	50	10	53	61	10	60	10	80	63	10	10	10	49.5	44
F427F	1000063	58.5	10	60	10	70	10	6	13	21	50	10	69	66	10	57.5	10	80	61	10	10	10	65.5	0
F4280	1000064	60	8	53	10	70	9.5	80	13	21	50	9.5	69	70	10	60	9.5	80	73.5	10	10	0	50.5	
F4281	1000065	60	8	60	10	70	9.5	80	13	21	50	9.5	62	70	10	60	9.5	80	86.5	10	10	0	67	50
F4282	1000066	60	10	60	10	70	10	80	10	21	50	10	53	70	10	60	10	80	74.5	10	10	12	67	50
F4283	1000067	60	10	60	10	70	10	80	10	21	50	10	66.5	70	10	60	10	80	91.25	10	10	10	74.5	55
F4284	1000068	60	10	58	10	70	10	76	10	21	50	10	53	70	10	60	10	70	46	10	10	10	50.5	55
F4285	1000069	45.5	10	60	10	70	11	80	11	21	50	12	43	70	9	60	6	80	64	8	10	10	37.5	44
F4286	1000070	60	10	60	10	70	10	80	13	21	50	9.5	67.5	70	10	60	10	80	86.25	10	10	10	82.5	44
F4287	1000071	60	10	60	11	70	9	80	8	21	50	10	64	70	0	60	10	80	69.25	10	10	10	74	22
F4288	1000072	60	10	60	10	70	10	80	10	21	50	10	63.5	70	10	60	10	80	72.25	10	10	10	57.5	55
F4289	1000073	60	10	45.5	10	70	10	80	10	21	50	10	68	70	10	60	10	80	74	10	10	10	36.5	
F428A	1000074	54.5	9	53	10	70	8	76	8	21	50	10	48.5	70	10	50	10	80	51.75	10	10	10	79	55
F428B	1000075	60	10	60	10	70	10	80	12	21	50	10	56.5	70	10	60	10	80	88.5	10	10	10	72.5	12.5
F428C	1000076	54.5	10	60	10	70	10	80	10	21	50	10	38.5	0	10	60	10	7.5	36	10	10	10	35	55
F428D	1000077	60	10	60	10	70	11	80	10	21	50	10	76	70	8	60	8	80	88.5	10	10	8	87.5	55
F428E	1000078	60	10	60	10	70	10	80	10	21	50	12	77	70	10	60	10	80	79.5	10	10	10	76	26
F428F	1000079	60	10	60	10	70	10	80	13	21	50	10	77	70	10	60	10	70	102.5	10	10	10	82.5	55
F4290	1000080	60	10	52.5	10	70	10	80	9	21	50	9	64	66	9.5	60	9.5	60	93.5	9	10	10	81	
F4291	1000081	60	8	60	10	70	9.5	78	13	21	50	9.5	80.5	70	10	60	9.5	80	59	10	10	0	52	50
F4292	1000082	60	10	60	10	70	10	80	10	21	50	10	80.5	70	10	60	10	80	81	10	10	10	83	55
F4293	1000083	60	10	57.5	10	70	12	80	13	21	50	10	89	70	10	60	10	80	77.5	10	10	10	79	5
F4294	1000084	44	10	48	10	60	10	80	13	21	32.5	10	56	60	10	60	8.5	50	67	10	10	10	61.5	0
F4295	1000085	60	10	57.5	10	70	10	80	13	21	47.5	10	70.5	62	10	60	10	80	68.25	10	10	10	75.5	17.5
F4296	1000086	60	10	60	10	70	10	80	13	21	50	10	66	70	10	60	8.5	80	85	10	10	10	80.5	55
F4297	1000087	60	10	60	10	70	10	80	10	21	50	10	78	70	10	60	10	80	86	10	10	10	61	10
F4298	1000088	60	10	60	10	70	10	80	13	21	50	10	63.5	70	10	60	10	80	84	10	10	10	82.5	44
F4299	1000089	60	10	60	10	70	10	80	13	21	50	10	74.5	70	10	60	10	80	76	10	10	10	74.5	55
F429A	1000090	60	10	60	10	70	10	80	11	21	50	8.5	69	70	10	60	9.5	70	78	10	10	10	60.5	21
F429B	1000091	60	8	60	10	70	9.5	80	13	21	50	9.5	65	70	10	60	9.5	80	44	10	10	0	60	50
F429C	1000092	60	9.5	60	10	70	10	80	8.5	21	50	9.5	61	0	10	60	8	80	77.25	10	10	10	58.5	12.5
F429D	1000093	60	10	55.5	10	70	0	62	10	21	50	10	70	0	10	60	10	80	66.75	10	10	10	75.5	33
F429E	1000094	58.5	10	42	10	49	10	80	10	21	37.5	10	48.5	0	10	10	10	17.5	26	10	10	10	40	
F429F	1000095	60	10	60	10	70	10	80	10	21	50	10	64	70	10	60	10	80	89	10	10	10	80	29
F42A0	1000096	60	10	46	10	42	10	42	11	21	47.5	10	49.5	61	10	60	10	80	74	10	10	10	45.5	
F42A1	1000097	60	10	60	10	70	10	80	13	21	50	10	70	70	10	60	10	80	48	10	10	10	72	52.5
F42A2	1000098	57	10	55	10	70	10	79	13	21	50	10	79	70	12	60	10	80	92.5	10	11	10	77	5
F42A3	1000099	60	10	60	10	70	10	80	10	21	50	10	67.5	70	10	60	10	80	85.75	10	10	10	75	55
F42A4	1000100	60	10	60	10	70	10	80	11	21	50	10	81	70	10	60	10	80	91	10	10	10	78	44
F42A5	1000101	60	10	53	10	70	10	80	10	21	50	10	77.5	70	10	50	10	20	90.25	10	10	10	84	0
F42A6	1000102	60	10	60	10	70	10	80	13	21	50	10	63	70	10	60	10	80	76	10	10	10	65.5	
F42A7	1000103	60	10	50	10	70	10	66	10	21	50	10	53	65	10	57	10	77.5	83	10	10	10	84	26
F42A8	1000104	57.5	10	55	10	55	10	79	13	21	32.5	10	72	66	10	60	8.5	70	80.25	10	10	10	68	2
F42A9	1000105	60	10	60	13	70	11	80	13	21	50	10	63	70	10	57.5	10	60	79.25	10	10	10	55	12.5
F42AA	1000106	59	10	60	10	70	10	80	11	21	50	8.5	69	70	10	60	9.5	80	88	10	10	10	65.5	55
F42AB	1000107	60	10	60	10	70	10	80	10	21	50	10	61	70	10	60	10	80	63	10	10	10	62.5	55
F42AC	1000108	60	10	60	10	70	11.5	80	13	21	50	10.5	65	70	9	60	10	80	101	8	10	10	81	55
F42AD	1000109	60	10	60	10	70	10	80	13	21	50	10	69	70	10	60	10	80	99	10	10	10	74.5	55
F42AE	1000110	60	10	60	10	70	10	74	10	21	47.5	10	81	65	10	57.5	10	80	89.5	10	10	10	68	20
F42AF	1000111	60	0	60	10	70	9.5	80	13	21	50	9.5	64.5	70	10	60	9.5	80	61.25	10	10	0	52	50
F42B0	1000112	60	10	57	10	70	10	80	10	21	6.5	10	52	0	10	0	10	0	0	10	10	10		
F42B1	1000113	60	10	60	10	70	11.5	80	13	21	50	10.5	63	70	9	60	10	80	75	8	10	10	64	55
F42B2	1000114	60	10	60	10	70	10	80	11	21	50	8.5	61	70	10	60	9.5	80	70	10	10	10	39	12.5
F42B3	1000115	60	10	60	10	70	10	80	10	21	50	10	55	70	10	60	10	80	73	10	10	10	39.5	55
F42B4	1000116	57	10	60	10	70	10	80	10	21	50	12	59.5	70	10	60	10	80	83.75	10	10	10	60	44
F42B5	1000117	60	0	7.5	10	0	10	80	9	21	40	9	55	66	9.5	50	9.5	80	56	9	10	10	50	
F42B6	1000118	60	10	60	10	70	0	80	10	21	50	10	51	70	10	60	10	80	59.5	10	10	10	57.5	55
F42B7	1000119	58.5	10	51	12	68	10	76	13	21	45	10	71.5	70	10	60	10	70	70.5	10	10	10	74.5	0
F42B8	1000120	60	10	60	10	70	10	80	10	21	50	10	62	70	10	60	10	80	69	10	10	12	88	27
F42B9	1000121	60	10	60	10	70	10	80	10	21	50	10	68	70	10	60	9	60	79	10	10	10	56.5	10
F42BA	1000122	60	10	55.5	10	70	10	80	9	21	47.5	9	77.5	70	9.5	55	9.5	80	87	9	10	10	76.5	45.5
F42BB	1000123	60	10	60	10	70	10	80	10	21	47.5	10	76	70	10	60	10	80	68	10	10	10	77.5	55
F42BC	1000124	60	10	60	10	70	10	80	13	21	50	10	63	70	10	60	10	80	82.25	10	10	10	61	55
F42BD	1000125	60	10	60	10	70	10	80	10	21	50	10	81.5	70	10	60	10	80	92	10	10	10	84	55
F42BE	1000126	60	10	60	10	70	10	80	10	21	50	10	74	70	10	60	10	80	86.5	10	10	10	81.5	20
F42BF	1000127	60	10	60	10	70	10	80	10	21	50	10	79.5	70	10	60	10	80	82.5	10	10	10	81	55
F42C0	1000128	60	10	60	9	70	9	80	13	21	50	10	66	70	10	60	10	80	76.5	10	10	10	71.5	55
F42C1	1000129	60	10	57.5	10	70	10	80	13	21	50	10	67	70	10	60	10	80	55.25	12	10	10	83.5	33
F42C2	1000130	60	10	60	10	70	10	80	13	21	50	12	75.5	70	10	60	10	80	84.25	10	12	10	67.5	55
F42C3	1000131	60	10	60	10	70	10	80	13	21	50	10	74	70	10	60	9.5	80	64.25	10	9.5	10	78	38
F42C4	1000132	60	0	60	10	70	10	80	13	21	50	10	65	70	10	57.5	10	80	77.5	10	10	10	57.5	16
F42C5	1000133	60	10	60	10	70	10	80	10	21	50	10	78	70	10	60	10	80	77	10	10	10	83.5	38
F42C6	1000134	60	10	60	10	70	10	80	13	21	50	10	42	70	10	60	10	80	53.5	10	10	10	57	55
F42C7	1000135	58.5	10	58	10	67.5	10	80	10	21	50	10	62	70	10	57.5	10	80	64	10	10	10	60.5	31
F42C8	1000136	60	10	60	10	70	10	80	12	21	50	10	88	70	10	60	10	80	108	10	10	10	95	52.5
F42C9	1000137	58	10	60	10	70	11.5	80	13	21	50	11.5	74	70	10	60	10	80	85.5	10	10	10	64	10
F42CA	1000138	12	10	0	10	0	10	13	10	0	0	10	52	0	10	10	10	20	35	10	10	10	32	17
F42CB	1000139	60	10	60	10	70	10	80	13	21	50	10	64	70	10	60	10	80	93	10	10	10	72.5	55
F42CC	1000140	57	10	46.5	10	70	10	66	13	21	50	10	73	56	10	55	10	80	95	10	10	10	69	18.5
F42CD	1000141	60	10	60	10	70	10	80	13	21	50	10	68	70	10	60	10	80	81.5	10	11	10	81.5	55
F42CE	1000142	60	9.5	60	10	70	10	79	8.5	21	50	9.5	74	66	10	60	8	70	89.5	10	10	10	69.5	55
F42CF	1000143	60	10	57	10	70	11.5	79	13	18	50	11.5	68	70	10	60	10	60	98	10	10	10	92.5	33
F42D0	1000144	60	10	60	9	70	9	80	13	21	50	10	35	70	10	60	10	80	61	10	10	10	57	38
F42D1	1000145	60	10	60	10	70	11.5	80	13	21	50	10.5	67	70	9	60	10	80	82.5	8	10	10	61.5	55
F42D2	1000146	60	10	60	10	70	10	80	10	21	50	10	62	70	10	60	10	80	92	10	10	10	67	55
F42D3	1000147	55.5	10	51	10	70	10	69.5	10	21	50	10	73	70	10	60	10	60	94.5	10	10	10	92.5	0
F42D4	1000148	60	10	60	10	70	10	80	13	21	50	10	51.5	70	10	60	10	80	51.5	10	10	10	57	55
F42D5	1000149	60	10	60	10	70	10	80	10	21	50	12	51	70	10	60	10	80	77.5	10	10	10	65.5	10
F42D6	1000150	60	10	60	10	70	10	80	15	21	50	10	53.5	70	10	60	10	80	79	10	11	10	68.5	55
F42D7	1000151	60	10	60	10	70	10	80	13	21	50	10	90.5	70	10	60	10	80	99.25	10	10	10	89.5	55
F42D8	1000152	60	10	60	10	70	10	80	13	21	50	10	79	70	12	60	10	80	61.5	10	10	10	82.5	55
F42D9	1000153	60	10	51	10	70	10	76	10	21	45	10	55	66	10	27	10	80	76	10	10	10	72	5
F42DA	1000154	40	10	46.5	10	38	11	66	11	21	34.5	12	55	65	9	51	6	53	67.25	8	10	10	65.5	5
F42DB	1000155	60	10	60	10	70	10	80	10	21	50	10	75.5	70	10	60	10	80	75	10	10	10	77.5	44
F42DC	1000156	60	10	60	10	70	10	80	13	21	50	10	82	70	10	60	10	80	97	10	10	10	96	55
F42DD	1000157	60	10	60	11	70	12	80	13	21	50	10	67	70	10	60	10	80	84	10	10	10	88.5	55
F42DE	1000158	60	10	54	10	70	10	80	13	21	50	10	65	70	10	55	10	80	79	10	10	10	57.5	33
F42DF	1000159	60	9	59	10	70	8	67	8	21	50	10	61	66	10	60	10	70	88	10	10	10	87	55
F42E0	1000160	60	10	60	10	70	10	80	13	21	50	9.5	73.5	70	10	60	10	80	80	10	12	10	67	55
F42E1	1000161	60	10	60	10	70	12	80	12	21	50	11	61.5	70	9	60	8	80	87	10	10	10	84	38
F42E2	1000162	60	10	60	10	70	10	80	13	21	50	10	73	70	10	60	10	80	84.5	10	10	10	75.5	49
F42E3	1000163	60	10	60	10	70	11	80	12	21	50	11.5	61	70	8	60	10	80	64	10	10	10	62.5	12.5
F42E4	1000164	60	10	55	10	70	10	80	9	21	50	9	55.5	70	9.5	60	9.5	80	82	9	10	10	80.5	11
F42E5	1000165	60	10	60	10	70	10	80	10	21	50	10	51	70	10	60	9	80	50	10	10	10	34.5	55
F42E6	1000166	60	10	60	10	70	10	80	10	21	50	9	65.5	70	10	60	8	70	91	8	10	10	77.5	55
F42E7	1000167	60	9	48	10	70	8	73.5	8	21	45	10	63	64	10	52.5	10	80	90.25	10	10	10	47.5	0
F42E8	1000168	60	10	60	10	70	10	80	13	21	50	10	57	70	10	60	12	80	85	10	9.5	10	72	22
F42E9	1000169	60	10	60	10	68	11	80	12	21	50	11.5	74	70	8	60	10	80	82.5	10	10	10	83.5	55
F42EA	1000170	60	10	60	10	70	10	80	13	21	50	10	83	70	10	60	12	80	89	10	12	12	70.5	33
F42EB	1000171	41	10	60	10	70	10	80	13	21	50	10	63	70	10	60	10	80	75.5	12	10	10	50.5	44
F42EC	1000172	60	0	60	0	70	10	80	13	21	50	10	70	70	10	60	10	55	92.5	10	10	10	88	44
F42ED	1000173	60	10	60	10	70	10	80	13	21	50	10	62	70	10	60	10	80	67	10	10	12	53	
F42EE	1000174	60	10	60	10	70	10	80	13	21	50	10	67	70	10	60	10	80	71	10	10	10	73.5	55
F42EF	1000175	60	10	60	10	70	10	80	10	21	47.5	10	63	70	10	60	10	80	58	10	10	10	63	20
F42F0	1000176	60	10	60	10	70	10	80	13	21	50	10	72	70	10	60	10	80	95.75	10	10	10	69.5	44
F42F1	1000177	0	10	60	10	0	10	74	12	21	50	10	65	70	10	60	10	80	42	10	10	10	56.5	11
F42F2	1000178	46.5	10	44	10	56	10	43.5	13	21	34	10	51	19	10	29.5	10	24.5	61	10	10	10	42	0
F42F3	1000179	60	10	60	13	70	11	80	13	21	50	10	81	70	10	60	10	80	89	10	10	10	94.5	55
F42F4	1000180	0	10	31.5	10	41	10	44.5	10	21	9	10	54	53	10	0	10	0	65.5	10	10	12	36.5	
F42F5	1000181	26.5	10	60	10	70	11	79	11	21	50	12	58	61	9	55.5	6	67.5	66	8	10	10	42	
F42F6	1000182	60	10	60	10	70	10	80	10	21	50	9	92	70	10	60	8	80	90.5	8	10	10	84	55
F42F7	1000183	58.5	10	55.5	10	66	10	80	12	21	47	10	71	70	10	60	10	70	58	10	10	10	72	35.5
F42F8	1000184	60	10	0	10	68	10	80	10	21	50	10	42	49	10	36	10	70	34.5	10	10	10	40	36
F42F9	1000185	60	10	60	10	70	10	80	13	21	50	10	64.5	70	10	60	10	80	92.5	10	10	10	59.5	55
F42FA	1000186	20	10	48.5	11	70	12	80	13	21	47.5	10	56	70	10	5	10	15	34	10	10	10	23.5	0
F42FB	1000187	13.5	10	7.5	11	42	9	9	8	18	20	10	52	10	10	47	10	17	86.5	10	10	10	78.5	
F42FC	1000188	60	10	60	10	70	10	80	13	21	50	10	68	70	10	60	10	80	93.5	12	10	10	71.5	52.5
F42FD	1000189	60	10	60	10	70	10	80	13	21	50	9.5	76	70	10	60	10	80	87.5	10	10	10	85	55
F42FE	1000190	60	10	53	10	70	10	80	11	19	36.5	10	63	65	10	42.5	10	0	72	10	10	10	71	5
F42FF	1000191	60	10	60	10	70	11	80	11	21	50	12	82	70	9	60	6	80	99	8	10	10	75.5	55
F4300	1000192	60	10	60	10	70	10	80	13	21	50	10	75	70	10	60	10	80	94.5	10	10	10	82	55
F4301	1000193	57	10	60	10	70	10	80	13	21	50	10	77.5	70	10	60	12	70	93.25	10	12	12	85	0
F4302	1000194	60	11	60	10	70	10	80	13	21	50	10	48.5	70	10	60	10	80	86.25	10	10	10	74	55
F4303	1000195	60		60	10	70	10	80	10	21	50	10	58	70	10	60	10	70	85.25	9.5	9.5	10	70.5	55
F4304	1000196	43.5	10	53	11	70	12	77	13	21	47.5	10	59	57	10	52.5	10	70	60	10	10	10	56.5	
F4305	1000197	60		60	10	70	10	73	13	21	50	10	77.5	67	10	60	10	65	94	10	10	10	62.5	28
F4306	1000198	60	10	60	10	70	10	80	10	21	50	10	71	70	10	60	10	80	72	10	10	10	71.5	44
F4307	1000199	60	10	60	10	70	10	80	10	21	50	10	82	42	10	60	10	80	83	10	10	10	63.5	45
F4308	1000200	60	10	60	10	70	10	80	13	21	50	10	54	70	10	60	10	80	29	10	10	10	65	33
F4309	1000201	60	10	60	10	70	10	80	13	21	50	10	78	70	10	54.5	10	70	87.25	10	10	10	63.5	
F430A	1000202	60	10	60	10	70	10	80	10	21	50	10	79.5	70	10	60	10	80	70	10	10	10	59	47.5
F430B	1000203	60	10	60	10	70	10	80	12	21	50	10	56	66	10	60	10	60	42	0	10	10	31.5	15
F430C	1000204	60	10	60	10	70	10	80	13	21	50	10	68.5	70	10	60	10	80	83	10	10	10	84	17.5
F430D	1000205	60	10	60	10	70	10	80	10	21	50	12	83	70	10	60	10	70	96	10	10	10	81.5	22
F430E	1000206	60	10	60	10	70	10	80	10	21	50	10	73.5	62	10	60	10	70	81	10	10	10	46	
F430F	1000207	60	10	60	10	70	10	80	13	21	50	10	65	70	10	60	10	80	70	10	10	10	68	38
F4310	1000208	60	10	58	10	62	10	69	10	21	50	10	77.5	66	10	60	10	75.5	90	10	10	10	81.5	41.5
F4311	1000209	60	10	55.5		66	10	80	10	21	37.5	10	59.5	62	10	60	0	60	67	10	10	10	61.5	0
F4312	1000210	60	10	60	10	70	10	80	10	21	50	10	69	70	10	60	9	80	80.5	10	10	10	57	55
F4313	1000211	40	10	0	9	8	9	0	13	21	50	10	45	70	10	55	10	75	77.75	10	10	10	49	55
F4314	1000212	60	10	60	10	70	10	80	13	21	50	10	81	70	10	60	10	80	85	10	10	12	72.5	55
F4315	1000213	60	10	58	10	70	10	80	13	21	50	9.5	61	66	10	55	10	70	68.5	10	10	10	64.5	2
F4316	1000214	60	10	60	10	70	10	80	13	21	50	10	73	70	10	60	12	80	81	10	12	12	55.5	44
F4317	1000215	60	10	60	10	70	10	80	13	21	50	10	82	70	10	60	10	80	76.75	12	10	10	86.5	52.5
F4318	1000216	60	10	60	10	70	10	80	13	21	50	12	76	70	10	60	10	80	87.25	10	12	10	64	55
F4319	1000217	60	10	60	10	70	10	80	11	21	50	8.5	80.5	70	10	60	9.5	80	94.75	10	10	10	83	45
F431A	1000218	60	10	60	10	70	10	80	10	21	50	10	54.5	70	10	60	10	80	89	10	10	10	90	16.5
F431B	1000219	60	10	53	10	70	10	72	12	21	42.5	10	80.5	70	10	60	10	80	73	0	10	10	87.5	17
F431C	1000220	60	10	60	10	70	10	80	13	21	50	9.5	93	70	10	60	10	80	82.5	10	10	10	92	55
F431D	1000221	60	10	60	10	70	10	80	10	21	50	10	64	70	10	60	12	80	55	9.5	9.5	10	59	0
F431E	1000222	39	10	33.5	10	62	10	70.5	13	21	50	10	100	70	10	60	10	70	95.75	10	10	10	86	55
F431F	1000223	60	10	60	10	70	10	80	10	21	50	10	47	70	10	60	10	80	78	10	10	10	61	55
F4320	1000224	60	10	48.5	10	70	10	80	12	21	50	10	48	0	10	0	10	0	37.25	10	10	10	34.5	
F4321	1000225	60	10	60	10	70	10	80	10	21	50	10	85	70	10	60	10	80	82	10	10	10	65	33
F4322	1000226	60	10	53	10	68	10	80	13	21	50	10	72	70	10	60	9.5	60	100	10	9.5	10	77	0
F4323	1000227	60	10	55.5	10	70	10	76	10	21	50	10	56	70	10	60	10	80	36.75	10	10	10	51.5	15
F4324	1000228	60	10	60	10	70	10	80	12	21	50	10	73	70	10	60	10	80	97.25		10	10	77.5	55
F4325	1000229	59		60	10	70	10	80	10	21	45	10	46	70	10	57	10	60	44.25	9.5	9.5	10	60	20
F4326	1000230	60	10	60	10	70	11	80	10	21	50	10	57	70	8	60	8	80	66	10	10	8	76	38
F4327	1000231	60	10	60	10	70	10	80	10	21	50	10	59	70	10	60	10	80	73	10	10	10	73	55
F4328	1000232	37	10	24.5	10	2	11.5	0	13	21	0	11.5	44	18	10	0	10	80	24	10	10	10		
F4329	1000233	60	10	60	9	70	9	80	13	21	50	10	63.5	70	10	60	10	80	89	10	10	10	71	55
F432A	1000234	60	10	60	10	70	10	80	13	21	50	10	60.5	70	10	60	10	80	79	10	10	10	47.5	55
F432B	1000235	60	10	60	10	70	10	80	10	21	50	10	63	70	10	60	10	80	92.25	10	10	10	72	0
F432C	1000236	60	10	60	10	70	10	80	13	21	50	9.5	68	70	10	60	10	80	63.75	10	10	10	69	33
F432D	1000237	58	10	38.5	10	70	10	80	10	21	40	10	76	70	10	60	10	80	84	10	10	10	87.5	55
F432E	1000238	55.5	10	60	13	70	11	80	13	21	50	10	60	66	10	51	10	70	68.5	10	10	10	52.5	0
F432F	1000239	60	10	60	10	70	10	80	13	21	50	10	38	70	10	60	10	80	28	10	10	10	43	55